3
0
0
2
21111111111111111111111111111111111111111111111111112111111111111111111111111111111111111111111111111111111112
10000000000000000000000000000000000000000000000000001000000000000000000000000000000000000000000000000000000001
10000000000000000000000000000000000000000000000000001000000000000000000000000000000000000000000000000000000001
10000000000000000000000000000000000000000000000000001000000000000000000000000000000000000000000000000000000001
10000000000000000000000000000000000000000000000000001000000000000000000000000000000000000000000000000000000001
10000000000000000000000000000000000000000000000000001000000000000000000000000000000000000000000000000000000001
10000000000000000000000000000000000000000000000000001000000000000000000000000000000000000000000000000000000001
10000000000000000000000000000000000000000000000000001000000000000000000000000000000000000000000000000000000001
10000000000000000000000000000000000000000000000000001000000000000000000000000000000000000000000000000000000001
10000000000000000000000000000000000000000000000000001000000000000000000000000000000000000000000000000000000001
10000000000000000000000000000000000000000000000000001000000000000000000000000000000000000000000000000000000001
10000000000000000000000000000000000000000000000000001000000000000000000000000000000000000000000000000000000001
10000000000000000000000000000000000000000000000000001000000000000000000000000000000000000000000000000000000001
10000000000000000000000000000000000000000000000000001000000000000000000000000000000000000000000000000000000001
21111111111111111111111111111111111111111111111111112111111111111111111111111111111111111111111111111111111112
10000000000000000000000000000000000000000000000000001000000000000000000000000000000000000000000000000000000001
10000000000000000000000000000000000000000000000000001000000000000000000000000000000000000000000000000000000001
10000000000000000000000000000000000000000000000000001000000000000000000000000000000000000000000000000000000001
10000000000000000000000000000000000000000000000000001000000000000000000000000000000000000000000000000000000001
10000000000000000000000000000000000000000000000000001000000000000000000000000000000000000000000000000000000001
10000000000000000000000000000000000000000000000000001000000000000000000000000000000000000000000000000000000001
10000000000000000000000000000000000000000000000000001000000000000000000000000000000000000000000000000000000001
10000000000000000000000000000000000000000000000000001000000000000000000000000000000000000000000000000000000001
10000000000000000000000000000000000000000000000000001000000000000000000000000000000000000000000000000000000001
10000000000000000000000000000000000000000000000000001000000000000000000000000000000000000000000000000000000001
10000000000000000000000000000000000000000000000000001000000000000000000000000000000000000000000000000000000001
10000000000000000000000000000000000000000000000000001000000000000000000000000000000000000000000000000000000001
10000000000000000000000000000000000000000000000000001000000000000000000000000000000000000000000000000000000001
10000000000000000000000000000000000000000000000000001000000000000000000000000000000000000000000000000000000001
21111111111111111111111111111111111111111111111111112111111111111111111111111111111111111111111111111111111112
